Word Counts Info:
total:
313257392
Summary:
count    800000.000000
mean        391.571740
std         435.520055
min           4.000000
25%         151.000000
50%         273.000000
75%         482.000000
max       41655.000000
Name: word_freq, dtype: float64
XLarge:
    word_freq
0       41655
1       34946
2       24830
3       20315
4       20315
5       18920
6       18881
7       18880
8       18485
9       18360
10      18005
11      17090
12      15250
13      13017
14      12648
15      12445
16      12426
17      12349
18      12239
19      12236
Sentence Counts Info:
total:
30566593
Summary:
count    800000.000000
mean         38.208241
std          46.389077
min           1.000000
25%          13.000000
50%          26.000000
75%          48.000000
max        5404.000000
Name: sent_freq, dtype: float64
XLarge:
    sent_freq
0        5404
1        4781
2        3738
3        3738
4        3593
5        3201
6        2923
7        2896
8        2440
9        2086
10       2021
11       1990
12       1963
13       1797
14       1723
15       1689
16       1658
17       1641
18       1601
19       1594
